0,420
0,419
40,4
40,3
40,2
0,418
40,1
40,0
0,417
0,416
39,5
39,4
39,3
39,2
0,415
39,1
39,0
0,414
0,413
38,5
38,4
38,3
38,2
0,412
38,1
38,0
0,411
0,410
37,4
37,3
37,2
0,409
37,1
37,0
0,408
0,407
36,5
36,4
36,3
36,2
0,406
36,1
36,0
0,405
0,404
35,5
35,4
35,3
35,2
0,403
35,1
35,0
0,402
0,401
34,4
34,3
34,2
34,1
34,0
0,400
33,5
33,4
33,3
33,2
33,1
33,0
0,399
0,398
0,397
0,396
0,395
0,394
0,393
0,392
0,391
0,390
0,389
0,388
0,387
0,386
0,385
0,384
0,319
0,318
0,317
0,316
0,278
32,4
32,3
32,2
32,1
32,0
31,5
31,4
31,3
31,2
31,1
31,0
30,5
30,4
30,3
30,2
30,1
30,0
29,4
29,3
29,2
29,1
29,0
28,5
28,4
28,3
28,2
28,1
28,0
0,273
0,270
27,5
27,4
27,3
27,2
27,1
27,0
26,4
26,3
26,2
0,283
0,243
26,1
26,0
25,5
25,4
